start:[1.3500753657730578, -1.865456836594901, -2.0400916711745514, -2.3380169136860096, -0.26860617161064493, 3.0982337160377313]
start_up:[1.3500753657730578, -1.6106086955192982, -1.6424246392962905, -2.989792515383143, -0.26860617161064493, 3.0982337160377313]
end_up:[-0.4576745003503593, -1.2852380311658416, -1.9249888475127885, -3.0619757909783183, -2.0758073576539102, 3.143600922204323]
end:[-0.4576556451698419, -1.702239491119661, -2.4280773476305115, -2.141959032909326, -2.0758073576539102, 3.1436171248763953]
