start: [1.35087536577305781, -1.86545683659499, -2.040091671174551, -2.338016913686096, -0.2686061716186449, 3.098233716637731]
start_up: [1.35087536577305781, -1.610668695512982, -1.642424639296295, -2.989792515383143, -0.2686061716186449, 3.098233716637731]
end_up: [-0.457674506350359, -1.285238031165806, -1.924988847512788, -3.061975796978318, -2.075807357659102, 3.143609222204323]
end: [-0.457655645169841, -1.702239491119661, -2.428077347630511, -2.141959032909326, -2.075807357659102, 3.143617124876395]